% -------------------------------------------------------------------
%  Generated by MATLAB on 28-May-2025 09:34:41
%  MATLAB version: 24.1.0.2537033 (R2024a)
% -------------------------------------------------------------------
                                

Result = 13;

add = 28;

ans = 11;

mul = 160;

sub = 12;

